NOAA 15                 
1 25338U 98030A   21322.65559914  .00000052  00000+0  40174-4 0  9991
2 25338  98.6684 349.7009 0010294 186.1557 173.9498 14.26070503223225
DMSP 5D-3 F15 (USA 147) 
1 25991U 99067A   21322.42726635  .00000036  00000+0  41072-4 0  9998
2 25991  99.0343 305.6246 0011129  69.1050  47.3687 14.16480677133890
METEOSAT-8 (MSG-1)      
1 27509U 02040B   21322.36837326  .00000146  00000+0  00000+0 0  9996
2 27509   7.6517  51.7364 0002326 168.9151  10.8555  1.00273707 70492
DMSP 5D-3 F16 (USA 172) 
1 28054U 03048A   21322.69706531 -.00000006  00000+0  20652-4 0  9996
2 28054  98.9700 307.6468 0007150 186.6964 332.9804 14.13643027933253
NOAA 18                 
1 28654U 05018A   21322.64073220  .00000099  00000+0  77499-4 0  9990
2 28654  98.9774  27.9881 0014002 203.5064 156.5469 14.12658196850308
METEOSAT-9 (MSG-2)      
1 28912U 05049B   21322.08711507  .00000028  00000+0  00000+0 0  9997
2 28912   5.5471  67.5743 0000887 163.0836 221.5156  1.00271894 58274
FORMOSAT-3 FM6          
1 29047U 06011A   21322.19991312  .00000091  00000+0  52076-4 0  9998
2 29047  71.9762 131.1011 0051971 247.9798 111.5813 14.28860745815383
FORMOSAT-3 FM1          
1 29048U 06011B   21322.51160943  .00000101  00000+0  55860-4 0  9999
2 29048  71.9684  40.7703 0044632 208.3550 151.5157 14.28822285817905
FORMOSAT-3 FM5          
1 29049U 06011C   21322.41429945  .00000116  00000+0  62036-4 0  9998
2 29049  72.0206 215.5695 0036496 229.8831 129.9106 14.28904574813685
FORMOSAT-3 FM3          
1 29050U 06011D   21322.36594183  .00000225  00000+0  57280-4 0  9997
2 29050  72.0150 308.6385 0047403 102.1538 258.4931 14.59164029831997
FORMOSAT-3 FM4          
1 29051U 06011E   21322.40224581  .00000126  00000+0  64381-4 0  9995
2 29051  72.0032 116.6432 0066465 107.8050 253.0353 14.28937111816265
FORMOSAT-3 FM2          
1 29052U 06011F   21322.36327410  .00000124  00000+0  64642-4 0  9994
2 29052  72.0338 192.4778 0040467 188.5546 171.4907 14.29045366813752
EWS-G1 (GOES 13)        
1 29155U 06018A   21322.67410475  .00000051  00000+0  00000+0 0  9995
2 29155   0.2504 104.9702 0007310 124.9830 132.0944  1.00271865 56752
METOP-A                 
1 29499U 06044A   21322.55231987  .00000034  00000+0  30016-4 0  9997
2 29499  98.4613 355.5511 0033219 304.5656 174.7326 14.29181154779771
DMSP 5D-3 F17 (USA 191) 
1 29522U 06050A   21322.64597413  .00000035  00000+0  41430-4 0  9993
2 29522  98.7780 336.5538 0010516 137.2300 222.9693 14.14054034776103
FENGYUN 3A              
1 32958U 08026A   21322.16807351  .00000012  00000+0  26042-4 0  9994
2 32958  98.4723 288.8053 0007622 275.9486  84.0822 14.18676013698266
FENGYUN 2E              
1 33463U 08066A   21322.39080905 -.00000192  00000+0  00000+0 0  9994
2 33463   5.4446  66.4452 0003221 340.1755 238.3657  1.00272662 47320
NOAA 19                 
1 33591U 09005A   21322.61901789  .00000049  00000+0  51691-4 0  9994
2 33591  99.1727 347.0720 0014712  62.0994 298.1664 14.12508870658681
GOES 14                 
1 35491U 09033A   21322.57019074 -.00000081  00000+0  00000+0 0  9998
2 35491   0.2269 284.8577 0015948 296.0929 297.8909  1.00271616 45353
METEOR-M 1              
1 35865U 09049A   21322.42227637  .00000012  00000+0  24213-4 0  9990
2 35865  98.5000 295.0547 0003302 109.6441 250.5094 14.22291784631540
DMSP 5D-3 F18 (USA 210) 
1 35951U 09057A   21322.66808966  .00000086  00000+0  68541-4 0  9994
2 35951  98.6982 302.5565 0010709 333.2216  26.8403 14.13413294623343
GOES 15                 
1 36411U 10008A   21322.66107872  .00000068  00000+0  00000+0 0  9993
2 36411   0.2541 276.2609 0001076 351.2473 260.0186  1.00275145 42903
COMS 1                  
1 36744U 10032A   21322.54265604 -.00000332  00000+0  00000+0 0  9999
2 36744   0.5524  96.2859 0000981 151.3969 133.6222  1.00265390 34320
FENGYUN 3B              
1 37214U 10059A   21322.43000898  .00000042  00000+0  44911-4 0  9992
2 37214  99.0895 319.5607 0016014 236.8976 123.0661 14.16007392571121
SUOMI NPP               
1 37849U 11061A   21322.59398729  .00000016  00000+0  28438-4 0  9997
2 37849  98.7515 259.2875 0000876 111.9984 313.2867 14.19527922521280
FENGYUN 2F              
1 38049U 12002A   21320.96037490 -.00000348  00000+0  00000+0 0  9999
2 38049   3.2773  81.1849 0002677   0.4331  72.0259  1.00276939 36115
METEOSAT-10 (MSG-3)     
1 38552U 12035B   21322.30359080  .00000072  00000+0  00000+0 0  9999
2 38552   1.2817  25.4270 0002272 181.7571 328.9136  1.00275053 34098
METOP-B                 
1 38771U 12049A   21322.69268833  .00000024  00000+0  31109-4 0  9990
2 38771  98.6965  20.6726 0000190   9.3152 151.5191 14.21493553475785
FENGYUN 3C              
1 39260U 13052A   21322.40233724  .00000027  00000+0  34753-4 0  9990
2 39260  98.4817 355.9323 0011446 157.1170 203.0518 14.15885799422056
METEOR-M 2              
1 40069U 14037A   21322.39181060 -.00000009  00000+0  15024-4 0  9997
2 40069  98.4496 344.6638 0004961 204.9899 155.1044 14.20691746381895
HIMAWARI-8              
1 40267U 14060A   21322.53799267 -.00000263  00000+0  00000+0 0  9998
2 40267   0.0148 340.4084 0001078 297.3995 114.3331  1.00270893 25998
FENGYUN 2G              
1 40367U 14090A   21322.53689965 -.00000290  00000+0  00000+0 0  9995
2 40367   1.4087  91.3344 0002579 291.2213 328.1033  1.00277429 25233
METEOSAT-11 (MSG-4)     
1 40732U 15034A   21322.30167198  .00000006  00000+0  00000+0 0  9998
2 40732   0.4497 109.5259 0000704  20.8514  35.4142  1.00270518 23260
ELEKTRO-L 2             
1 41105U 15074A   21322.58600353 -.00000102  00000+0  00000+0 0  9990
2 41105   2.4588  90.5635 0002566 110.3904  53.4068  1.00270785 21756
HIMAWARI-9              
1 41836U 16064A   21322.53799267 -.00000262  00000+0  00000+0 0  9996
2 41836   0.0068 142.1029 0000643 103.6793 146.4844  1.00272126 18426
GOES 16                 
1 41866U 16071A   21322.57388021 -.00000236  00000+0  00000+0 0  9994
2 41866   0.0156 340.3189 0001011 291.5555 277.3871  1.00272053 18343
FENGYUN 4A              
1 41882U 16077A   21322.64803897 -.00000318  00000+0  00000+0 0  9990
2 41882   0.1072 290.3437 0005676 110.0215 355.4619  1.00275731 18229
CYGFM05                 
1 41884U 16078A   21322.60007127  .00000770  00000+0  41605-4 0  9993
2 41884  34.9567  73.7907 0015743   1.3812 358.6941 15.15287782272776
CYGFM04                 
1 41885U 16078B   21322.59229619  .00000815  00000+0  43358-4 0  9991
2 41885  34.9502  64.2229 0013960  15.7946 344.3199 15.15800024272805
CYGFM02                 
1 41886U 16078C   21322.58576423  .00000872  00000+0  46231-4 0  9995
2 41886  34.9592  66.3630 0014750  10.6044 349.4976 15.15811260272886
CYGFM01                 
1 41887U 16078D   21322.43975532  .00000785  00000+0  42627-4 0  9992
2 41887  34.9534  76.7898 0016227 359.6887   0.3813 15.15074820272703
CYGFM08                 
1 41888U 16078E   21322.55160464  .00000808  00000+0  43352-4 0  9998
2 41888  34.9506  69.6832 0015275  10.7920 349.3117 15.15498712272845
CYGFM06                 
1 41889U 16078F   21322.56691326  .00000788  00000+0  41992-4 0  9991
2 41889  34.9589  65.1830 0013731   9.9846 350.1137 15.15794401272822
CYGFM07                 
1 41890U 16078G   21322.41422686  .00000828  00000+0  44031-4 0  9990
2 41890  34.9525  64.9919 0013452  12.7300 347.3749 15.15788743272780
CYGFM03                 
1 41891U 16078H   21322.41208069  .00000822  00000+0  43750-4 0  9999
2 41891  34.9559  65.4144 0012995  10.8070 349.2919 15.15784536272773
FENGYUN 3D              
1 43010U 17072A   21321.84459003 -.00020670  00000+0 -98828-2 0  9990
2 43010  98.7885 262.7797 0002921 116.8953 241.8193 14.19162883207754
NOAA 20                 
1 43013U 17073A   21322.68560168 -.00000006  00000+0  17834-4 0  9992
2 43013  98.7347 259.0606 0000787  76.9382 283.1882 14.19561319207322
GOES 17                 
1 43226U 18022A   21322.56880457  .00000110  00000+0  00000+0 0  9993
2 43226   0.0264 264.8974 0000580 342.2846 238.2176  1.00272553 13663
FENGYUN 2H              
1 43491U 18050A   21322.53288760 -.00000117  00000+0  00000+0 0  9992
2 43491   0.6184 102.7189 0003455  49.2135 177.0040  1.00272540 12677
METOP-C                 
1 43689U 18087A   21322.62746650  .00000022  00000+0  29988-4 0  9993
2 43689  98.7162  20.6687 0001882 296.5962  63.5022 14.21487087157353
GEO-KOMPSAT-2A          
1 43823U 18100A   21322.54265604 -.00000332  00000+0  00000+0 0  9999
2 43823   0.0168 293.4025 0002501 320.8760 127.1527  1.00269648 10851
METEOR-M2 2             
1 44387U 19038A   21322.45496689  .00000001  00000+0  19876-4 0  9993
2 44387  98.6919 280.2855 0001793 125.3023 234.8322 14.23694366123381
FENGYUN 3E              
1 49008U 21062A   21322.51740620 -.00000009  00000+0  16320-4 0  9992
2 49008  98.7072 322.8554 0000686 238.7899 121.3208 14.19815275 19382
